[[ 1.86431137e+03  1.15047397e+02  2.20258881e+03]
 [ 7.59174790e+02  1.04888109e+02  1.91987342e+02]
 [ 1.35356288e+03  3.62504406e+02  3.33760978e+02]
 [ 1.34898982e+03  3.30391189e+02  7.57678168e+02]
 [ 6.76416727e+02  2.91970966e+02  1.32088722e+02]
 [ 1.41122271e+02  8.11772121e+02  2.00706751e+02]
 [ 2.44662419e+03  1.61090276e+03  1.63165357e+03]
 [ 1.56690496e+03  4.16067339e+02  1.48281595e+02]
 [ 7.12136774e+01  2.76426722e+02  1.32133445e+03]
 [ 2.58923460e+03  1.71772386e+03  1.64543404e+03]
 [-7.92465645e+01  1.40897157e+03 -7.84261019e+01]
 [-7.30775593e+01  1.13476137e+03 -9.76756862e+01]
 [ 2.48596802e+03  1.53043995e+03  1.34768548e+03]
 [ 2.43783897e+01  1.62287870e+03  1.36683825e+02]
 [ 2.87792515e+02  4.00069092e+02  1.10361878e+03]
 [ 1.33671166e+03  8.17733310e+02  3.11408390e+02]
 [ 9.52615053e+02  1.64752071e+02  2.54833068e+02]
 [ 7.12253544e+02  7.56022162e+00  6.18861619e+01]
 [ 1.73437525e+03  2.06610288e+03  3.11332570e+01]
 [ 3.90254962e+02  4.54325778e+02  1.30508691e+03]
 [ 1.02716446e+02  1.00856252e+03  1.18788263e+02]
 [ 4.18354177e+02 -1.55831129e+02  2.11405272e+03]
 [-1.62543830e+02 -1.64183084e+02  2.47206356e+02]
 [ 2.31985298e+03  2.06316911e+03  2.08312301e+03]
 [ 1.41271088e+03  4.98337096e+02  9.65800449e+02]
 [-1.28254187e+02 -1.14963979e+02  4.71069927e+02]
 [ 9.97016643e+02  4.61587509e+02  2.35050516e+02]
 [ 2.56923667e+03  1.85018065e+03  1.88918672e+03]
 [ 1.81417014e+03  6.89592566e+02  8.97575654e+02]
 [ 1.89363254e+03  9.19358235e+02  9.96478096e+02]
 [ 2.71506845e+03  2.18435333e+03  1.99571959e+03]
 [-2.33787451e+02 -1.88403716e+02  2.16123930e+03]
 [-1.23597461e+02 -1.01679831e+02  2.14994473e+03]
 [ 2.60948309e+03  1.76927018e+03  1.59993455e+03]
 [ 7.19878176e+02  1.74049078e+03  8.33662523e+02]
 [ 7.80404309e+02  1.64221057e+03  8.84691518e+02]
 [ 1.39969652e+03  8.59467377e+02  4.28915207e+02]
 [ 2.13116364e+02  9.39538396e+02  2.96794377e+02]
 [-1.02548980e+02 -5.05605745e+01  5.13517458e+02]
 [ 4.06742319e+02  1.96905801e+03 -1.77992912e+02]
 [ 2.02892615e+03  2.02321884e+03  2.17538939e+03]
 [-1.00364028e+02  1.29326686e+02 -1.06114843e+02]
 [ 6.74024774e+02 -1.95066140e+02 -2.41883730e+02]
 [-2.07564756e+02 -2.43589057e+02  4.04396572e+02]
 [ 2.22667813e+03  2.03050470e+03  2.44249940e+03]
 [ 5.74475044e+02  6.08509005e+02  1.47971747e+03]
 [-2.44613742e+02  7.09895882e+02 -2.69226842e+02]
 [ 3.61130145e+02  1.19485644e+03  5.38504304e+02]
 [ 2.69779254e+03  1.40940761e+03  1.41181920e+03]
 [ 1.12522489e+03  2.00703923e+03  9.73528669e+02]
 [ 2.11766915e+03  1.14087424e+03  1.19526712e+03]
 [ 2.83849862e+03  2.07483949e+03  1.81606880e+03]
 [ 2.48622998e+03  9.67440640e+01  3.36442845e+00]
 [-2.31243131e+02  2.52008491e+03  4.63298601e+02]
 [ 2.73946711e+03  1.35662755e+03  1.37893414e+03]
 [ 1.90599565e+03  1.05221611e+03  8.54511976e+02]
 [ 2.10423774e+03  1.22240820e+03  1.30287023e+03]
 [ 7.80481389e+02  1.46599634e+03  6.19184695e+02]
 [ 2.84430315e+02  2.22458524e+02  1.00887111e+03]
 [-2.07550913e+02 -2.22237304e+02  7.68521520e+02]
 [ 1.96657099e+02 -2.12650030e+02 -2.15931503e+02]
 [ 1.98523837e+03  2.29503879e+03  2.04910877e+03]
 [ 2.77798641e+02 -2.57962025e+02 -2.28269116e+02]
 [-2.46758843e+02 -3.47867705e+02  6.23784421e+02]
 [-2.98011350e+02 -2.91274031e+02 -2.99723150e+02]
 [ 6.11993020e+02 -3.20708649e+02 -3.12824939e+02]
 [-1.33254640e+02  8.77732513e+02 -3.38512218e+02]
 [-2.61286937e+01 -2.55226839e+02  8.68177046e+02]
 [ 1.51576590e+03  1.50704903e+03  1.55759744e+03]
 [ 2.83266701e+03  8.11431576e+02  6.62565803e+02]
 [ 1.72980197e+03  3.08952027e+02  4.74531922e+02]
 [ 1.68969023e+03  5.59579860e+02  5.99290055e+02]
 [ 2.96763490e+03  1.74229955e+03  1.57071647e+03]
 [ 1.38764319e+02 -1.98942917e+02  2.30085756e+03]
 [ 2.10092093e+03  9.79221176e+01  3.01349947e+02]
 [ 2.87628310e+03  6.64731431e+02  6.98140052e+02]
 [ 7.30787124e+02  1.69395765e+03  7.47617307e+02]
 [ 8.81738401e+02  9.22278681e+02  1.44225568e+03]
 [-3.06863439e+01 -3.32444885e+02  9.46457417e+02]
 [ 1.48389610e+03  1.54315415e+03  1.49604956e+03]
 [-2.03983739e+02 -2.54264906e+02  8.80488951e+02]
 [-2.45534509e+02  4.84741192e+02 -3.29250406e+02]
 [ 4.84676108e+02 -3.51013801e+02 -3.45904064e+02]
 [-3.07935550e+02 -3.51360097e+02 -3.47372268e+02]
 [-3.93845704e+02 -1.19836990e+02  1.16788852e+03]
 [-3.94551717e+02 -4.09254970e+02 -4.23745133e+02]
 [ 8.34104266e+02 -2.82402459e+02 -3.34974827e+02]
 [-1.88387499e+02  1.36895692e+03  1.02657502e+02]
 [ 8.68278250e+01  9.28560142e+01  9.88680859e+02]
 [-4.54122818e+02 -4.33058082e+02 -2.55160586e+02]
 [ 1.30191261e+03  1.13629923e+03  2.97443079e+03]
 [-2.02976135e+02 -2.09782199e+02  9.71504629e+02]
 [-1.38803791e+02  9.82882416e+02 -2.24529642e+02]
 [ 3.16033462e+03  9.10004531e+02  9.39200375e+02]
 [-1.07058247e+01  1.99454297e+03 -2.04730244e+02]
 [ 1.67621236e+03  8.78041209e+00  1.98579664e+02]
 [ 1.18326665e+03  3.02029816e+03  1.05720669e+03]
 [-2.13364173e+02  9.52387746e+02 -3.41755225e+02]
 [-3.20882568e+02 -2.69392035e+02  8.69090561e+02]
 [-1.65299611e+02  4.66275771e+01  1.34147996e+03]
 [-4.02300979e+02 -4.03549305e+02 -2.70364054e+02]
 [-1.55687105e+02  1.02969747e+03 -4.21856782e+01]
 [-3.37722303e+02  1.04970176e+03 -9.68078057e+01]
 [-1.50068237e+02  7.41541950e+02 -1.86888810e+02]
 [-3.81333861e+02 -3.83786137e+02 -3.66826864e+02]
 [-1.70072485e+02 -1.56005234e+02  9.26718586e+01]
 [-1.45684552e+02 -7.01366314e+01 -3.28575591e+01]
 [ 1.35314835e+03  1.61880849e+02  8.97159836e+00]
 [ 1.40764156e+03  2.76585186e+01 -7.12491824e+01]
 [ 3.95084805e+02  2.95683046e+02  1.48619911e+03]
 [-7.08675003e+01 -5.89094420e+01  3.06323334e+02]
 [ 1.45904407e+03  1.38198056e+02 -2.12287465e+02]
 [ 2.20481587e+02  4.42130950e+01  1.37085575e+03]
 [ 1.23472921e+02 -6.18139262e+01  1.28887451e+03]
 [ 3.39267030e+03  7.43473369e+02  7.75811830e+02]
 [ 8.12845901e+01  1.14926422e+03  5.87920399e+01]
 [ 3.66898647e+02  1.32562782e+03  4.75707987e+02]
 [ 1.53554816e+03 -2.13870794e+02  4.80941017e+01]
 [ 1.33715596e+03 -7.39590732e+01 -4.95246057e+00]
 [ 1.30487570e+03 -1.40054442e+02  1.12256730e+02]
 [ 1.41295832e+03 -1.14133352e+02  9.51083132e+01]
 [ 3.38787163e+02 -7.00842895e+01 -7.44630102e+01]
 [ 1.52602675e+03  2.52345451e+02  4.99545484e+02]
 [ 2.64128972e+02 -4.64765409e+01 -1.31162142e+02]
 [ 1.34915320e+03 -8.53495276e+01  1.12480096e+02]
 [-7.85387475e+01  1.26829375e+02 -4.40099177e+01]
 [ 1.79101986e+03  2.09782124e+02  1.65171252e+02]
 [ 2.50474878e+02  1.12045728e+02  1.22862926e+02]
 [ 5.13379200e+02  1.87348735e+03  6.35484645e+02]
 [ 2.03650315e+03  3.73653107e+02  5.00669722e+02]
 [ 6.99932138e+02  1.80874701e+03  5.31314881e+02]
 [ 8.63378552e+02  2.09947209e+02  1.29696327e+01]
 [ 1.80734337e+03  2.95618825e+02  3.44044034e+02]
 [ 1.81277727e+03  3.33566342e+02  3.62853070e+02]
 [ 2.20236520e+01  7.18300623e+01  2.47416846e+02]
 [ 1.82165208e+03  3.84999187e+02  4.89173543e+02]
 [ 5.91578268e+02  4.53496923e+02  1.41234709e+03]
 [ 1.15956862e+03  8.29668198e+02  6.58378756e+02]
 [ 1.91559924e+03  1.81737012e+02  1.74212790e+02]
 [ 4.00237630e+02  8.52543582e+00  9.03702979e+01]
 [ 3.80813634e+02  1.79011742e+03  2.24434732e+02]
 [ 2.11095155e+03  3.30785728e+02  5.24078154e+02]
 [ 3.24354210e+02  3.68042536e+02  6.39500507e+02]
 [ 4.53029464e+02  4.60158742e+02  1.98822967e+03]
 [ 1.91885842e+03  1.14983000e+02  3.41450551e+02]
 [ 4.14609781e+02  1.77079934e+03  5.87665762e+02]
 [ 1.95595579e+02  1.71744018e+02  5.15211446e+02]]